UT_170309_GlyRa1wt_05_500_172_RefMSa
zscal:	 0.000 	norm:	 500.000	mod:	3	 2D
name	 mig	 bee	 dev	 vmig	 vbee	 time0	 timel	 nr	 proj-t0 	 proj-tl
ABalaaaa	 0.04357	 0.02209	 1.97	 0.00182	 0.00092	 2	 25	 24	 0.127	 0.150
ABalaaap	 0.03544	 0.01166	 3.04	 0.00322	 0.00106	 2	 12	 11	 0.214	 0.181
ABalaapa	 0.07683	 0.04604	 1.67	 0.00307	 0.00184	 2	 26	 25	 0.273	 0.170
ABalaapp	 0.08282	 0.01442	 5.74	 0.00460	 0.00080	 2	 19	 18	 0.123	 0.094
ABalapaa	 0.07874	 0.03606	 2.18	 0.00315	 0.00144	 2	 26	 25	 0.238	 0.176
ABalapap	 0.04269	 0.02720	 1.57	 0.00178	 0.00113	 3	 26	 24	 0.262	 0.219
ABalappa	 0.04417	 0.03606	 1.23	 0.00184	 0.00150	 3	 26	 24	 0.208	 0.209
Control 	0.05430	 0.05381	 1.01	 0.00217	 0.00215	 2	 26	 25
avmig:	 0.05775	  avbee:	 0.02765 	 avdev:	 2.49	 vmigav:	 0.00278	 vbeeav:	 0.00124	 nrofcells:	 7
